# chunkX chunkY localX localY localZ
# Format: chunk position (chunkX, chunkY), voxel position (x=0-7, y=height, z=0-7)

# ===== CHUNK (0,0) - SPAWN: Central tower with platform =====
# Platform floor
0 0 2 0 2
0 0 3 0 2
0 0 4 0 2
0 0 5 0 2
0 0 2 0 3
0 0 3 0 3
0 0 4 0 3
0 0 5 0 3
0 0 2 0 4
0 0 3 0 4
0 0 4 0 4
0 0 5 0 4
0 0 2 0 5
0 0 3 0 5
0 0 4 0 5
0 0 5 0 5

# Central tower (4 blocks tall)
0 0 3 1 3
0 0 4 1 3
0 0 3 1 4
0 0 4 1 4
0 0 3 2 3
0 0 4 2 3
0 0 3 2 4
0 0 4 2 4
0 0 3 3 3
0 0 4 3 3
0 0 3 3 4
0 0 4 3 4
0 0 3 4 3
0 0 4 4 3
0 0 3 4 4
0 0 4 4 4

# ===== CHUNK (1,0) - EAST: Small house =====
# House floor
1 0 1 0 1
1 0 2 0 1
1 0 3 0 1
1 0 4 0 1
1 0 1 0 2
1 0 2 0 2
1 0 3 0 2
1 0 4 0 2
1 0 1 0 3
1 0 2 0 3
1 0 3 0 3
1 0 4 0 3
1 0 1 0 4
1 0 2 0 4
1 0 3 0 4
1 0 4 0 4

# House walls (hollow inside)
1 0 1 1 1
1 0 2 1 1
1 0 3 1 1
1 0 4 1 1
1 0 1 1 4
1 0 2 1 4
1 0 3 1 4
1 0 4 1 4
1 0 1 1 2
1 0 1 1 3
1 0 4 1 2
1 0 4 1 3

# House walls layer 2
1 0 1 2 1
1 0 2 2 1
1 0 3 2 1
1 0 4 2 1
1 0 1 2 4
1 0 2 2 4
1 0 3 2 4
1 0 4 2 4
1 0 1 2 2
1 0 1 2 3
1 0 4 2 2
1 0 4 2 3

# Roof
1 0 1 3 1
1 0 2 3 1
1 0 3 3 1
1 0 4 3 1
1 0 1 3 2
1 0 2 3 2
1 0 3 3 2
1 0 4 3 2
1 0 1 3 3
1 0 2 3 3
1 0 3 3 3
1 0 4 3 3
1 0 1 3 4
1 0 2 3 4
1 0 3 3 4
1 0 4 3 4

# ===== CHUNK (-1,0) - WEST: Four pillars =====
# Ground path
-1 0 3 0 3
-1 0 4 0 3
-1 0 5 0 3
-1 0 6 0 3
-1 0 3 0 4
-1 0 4 0 4
-1 0 5 0 4
-1 0 6 0 4

# Four tall pillars in corners
-1 0 2 1 2
-1 0 2 2 2
-1 0 2 3 2
-1 0 2 4 2
-1 0 2 5 2

-1 0 5 1 2
-1 0 5 2 2
-1 0 5 3 2
-1 0 5 4 2
-1 0 5 5 2

-1 0 2 1 5
-1 0 2 2 5
-1 0 2 3 5
-1 0 2 4 5
-1 0 2 5 5

-1 0 5 1 5
-1 0 5 2 5
-1 0 5 3 5
-1 0 5 4 5
-1 0 5 5 5

# ===== CHUNK (0,1) - NORTH: Raised platform with stairs =====
# Ground
0 1 2 0 1
0 1 3 0 1
0 1 4 0 1
0 1 5 0 1
0 1 2 0 2
0 1 3 0 2
0 1 4 0 2
0 1 5 0 2

# Stairs (going up)
0 1 3 0 3
0 1 4 0 3
0 1 3 1 4
0 1 4 1 4
0 1 3 2 5
0 1 4 2 5

# Raised platform
0 1 2 3 5
0 1 3 3 5
0 1 4 3 5
0 1 5 3 5
0 1 2 3 6
0 1 3 3 6
0 1 4 3 6
0 1 5 3 6

# ===== CHUNK (0,-1) - SOUTH: Long wall =====
# Ground
0 -1 2 0 5
0 -1 3 0 5
0 -1 4 0 5
0 -1 5 0 5
0 -1 2 0 6
0 -1 3 0 6
0 -1 4 0 6
0 -1 5 0 6

# Wall (spans entire width)
0 -1 0 1 7
0 -1 1 1 7
0 -1 2 1 7
0 -1 3 1 7
0 -1 4 1 7
0 -1 5 1 7
0 -1 6 1 7
0 -1 7 1 7
0 -1 0 2 7
0 -1 1 2 7
0 -1 2 2 7
0 -1 3 2 7
0 -1 4 2 7
0 -1 5 2 7
0 -1 6 2 7
0 -1 7 2 7
0 -1 0 3 7
0 -1 1 3 7
0 -1 2 3 7
0 -1 3 3 7
0 -1 4 3 7
0 -1 5 3 7
0 -1 6 3 7
0 -1 7 3 7

# ===== CHUNK (1,1) - NORTHEAST: Scattered blocks =====
# Small ground patches
1 1 1 0 1
1 1 2 0 1
1 1 1 0 2
1 1 2 0 2

1 1 5 0 5
1 1 6 0 5
1 1 5 0 6
1 1 6 0 6

# Scattered towers
1 1 1 1 1
1 1 1 2 1
1 1 1 3 1

1 1 3 1 3
1 1 3 2 3

1 1 6 1 6
1 1 6 2 6
1 1 6 3 6
1 1 6 4 6

# ===== CHUNK (-1,1) - NORTHWEST: Pyramid =====
# Base layer
-1 1 3 0 3
-1 1 4 0 3
-1 1 5 0 3
-1 1 3 0 4
-1 1 4 0 4
-1 1 5 0 4
-1 1 3 0 5
-1 1 4 0 5
-1 1 5 0 5

# Layer 2
-1 1 3 1 3
-1 1 4 1 3
-1 1 5 1 3
-1 1 3 1 4
-1 1 4 1 4
-1 1 5 1 4
-1 1 3 1 5
-1 1 4 1 5
-1 1 5 1 5

# Layer 3
-1 1 3 2 4
-1 1 4 2 4
-1 1 5 2 4

# Top
-1 1 4 3 4

# ===== CHUNK (2,0) - FAR EAST: Bridge =====
# Ground supports
2 0 1 0 3
2 0 2 0 3
2 0 1 0 4
2 0 2 0 4

2 0 5 0 3
2 0 6 0 3
2 0 5 0 4
2 0 6 0 4

# Bridge pillars
2 0 1 1 3
2 0 1 2 3
2 0 6 1 4
2 0 6 2 4

# Elevated bridge deck
2 0 2 3 3
2 0 3 3 3
2 0 4 3 3
2 0 5 3 3
2 0 2 3 4
2 0 3 3 4
2 0 4 3 4
2 0 5 3 4
